size: 10,#threads: 5,The execution time is 0.000478 sec 
size: 100,#threads: 69,The execution time is 0.004975 sec 
size: 1000,#threads: 681,The execution time is 0.038783 sec 
size: 10000,#threads: 6779,The execution time is 0.299732 sec 
